l = 800003083030000000000000050500090000000000000000000078000001000000100000180150002050000000000000

l - 1 =    80000308303000000000000005050009000000000000000000007800000100000010000018015000　20499999　9999　99　9　9
           800003083030000000000000050500090000000000000000000078000001000000100000180150002049999999999999
next Node: 80000308303000000000000005050009000000000000000000007800000100000010000018015000　20500000　0000　00　0　0
next       80000308303000000000000005050009000000000000000000007800000100000010000018015000　99999999　0000　00　0　0



0000018015000204999 9999999990

sum = 10000000000