959 978
349 213 3638436
448 310 86028
494 398 76528665
900 858 25373599
51 22 774852833
50 8 793847
345 72 870000
432 134 120346
584 147 43808
441 42 506618547
609 200 981091405
531 51 126322
665 626 936921
235 46 213931274
30 29 40489
555 16 370
761 244 79158917
943 880 92876645
403 63 14918844
749 626 688482
919 792 141346782
363 170 469676
107 98 326952896
334 14 67242
46 37 738044
686 398 651955720
386 271 645742
12 9 1041845
232 186 613984248
920 306 2376035
949 61 3689214
844 793 32384555
427 363 648875
748 746 32614
585 21 35270251
740 647 8353972
688 422 30863
166 56 816427001
305 211 780821228
948 624 2642779
411 86 48443
739 625 321414
645 561 9404603
502 117 804200
703 295 589387
918 525 392371253
478 91 87312
922 597 41156
951 488 658261
456 274 234378607
131 91 611678054
603 385 27415
359 144 62260
468 280 682556895
222 103 296827892
458 11 655231116
99 64 94938016
628 241 41508779
233 3 4364212
167 153 7483147
868 777 8741458
205 178 951359
149 67 83231
75 22 644075805
805 99 834115
696 648 78313025
103 54 46285
607 498 3248907
582 505 933544909
639 425 62813084
553 258 86136
446 432 39358
114 92 389512
770 55 65881
819 191 81476825
621 346 35230
803 21 66445
575 194 62720
512 379 5109289
890 39 70490006
353 333 57514038
907 900 31711899
408 37 612609
452 262 49582798
627 527 260731803
173 32 15570
727 318 649042073
393 152 64141839
632 507 105621
754 204 80375279
617 447 842347
475 408 5190562
810 203 719613
55 40 829060987
274 24 916500272
283 227 2492432
721 15 28781
141 92 258493
213 208 127521
168 143 146914
253 27 14014141
869 236 6561
788 342 684342
375 272 858849
516 414 7635334
407 208 6371150
667 211 5768745
377 173 1004694
524 292 819723553
406 230 20293933
799 90 686323
398 54 240972490
337 190 592808
515 355 1066600
863 502 3068237
846 772 96177222
565 224 704277619
116 54 13449831
946 73 2253743
747 498 869075
358 328 72552475
307 139 60564
958 668 6217812
237 154 831674
659 483 31301498
541 528 88888
292 111 93841331
562 422 711940
251 220 377255
476 127 45595
373 260 7997957
94 26 95350906
675 194 79357
817 461 39922438
341 290 19717
124 119 33695973
698 32 59285
80 4 927116483
20 1 4840746
908 700 3228175
176 60 278406
509 27 2090107
709 498 5425070
577 242 733951
804 604 1828779
443 439 426646
63 39 13714826
121 36 6278143
589 158 733980
532 425 85750717
737 99 84669494
896 569 779864
928 424 484338
832 592 37338
787 380 52383341
802 82 551059
54 7 744071
348 110 35318
223 13 7730726
264 84 196665
413 191 779367027
525 417 4293657
845 680 27739
216 48 975764
326 97 27503
834 514 789120205
26 15 73956676
285 204 723563
67 66 417972
7 4 633652954
633 552 953244
793 161 89078600
27 23 690101564
15 7 447231401
231 2 41690
736 260 618548
86 48 3856831
370 203 8996
374 25 54189304
380 196 995618297
867 55 860604438
320 13 542376564
690 191 3163439
219 145 68432798
526 350 9825243
614 505 996436609
897 536 19035063
640 76 15693
726 577 367845
318 1 14156149
132 117 61034
939 118 316080
321 311 54383
760 243 3233016
598 344 579381985
342 291 769840622
438 112 4865522
860 105 3051508
133 125 242805
16 9 264790129
666 28 626981
566 65 134673
336 59 97147711
546 238 477571
592 563 2252163
856 57 62593593
29 2 3732855
956 317 61828459
642 32 94084
185 107 959316
73 14 2743
536 164 272307
416 197 250017
262 61 33548
722 409 4199448
848 608 72984101
599 383 779135380
414 288 5524297
959 564 3114034
45 14 890760
346 141 79669
4 2 70837
218 44 83664096
656 505 150823
662 265 38973
206 91 945531896
521 314 579908441
428 128 70217
766 515 31336357
271 45 919356
152 49 93111
513 184 596473
552 56 51557415
450 3 772819178
250 193 234706
643 531 591343614
713 605 4091
940 122 76841
378 56 28191365
433 104 15264931
120 61 67303194
556 64 42917
538 90 313255
750 511 54255
144 45 35869
931 17 53631493
195 9 4743922
376 256 33581
934 98 26174
847 674 873266
649 163 1466847
852 609 32386404
148 107 44505749
364 229 902550
550 171 54054
88 31 5276639
317 205 959473979
823 33 763162
275 101 7695233
123 1 99077
311 182 369579562
78 21 19174
313 163 4444009
729 659 249512705
430 159 31641
499 459 4263907
118 86 60683799
289 146 4475
282 259 815491
146 143 464717051
217 195 52964
559 88 420187
950 198 923696609
728 27 121367
64 22 334440
399 121 614213740
84 71 48394
957 347 133599
76 9 6296381
28 20 487232438
569 312 292157369
578 556 8222908
953 720 66347452
924 468 168129
514 190 181662118
647 441 163032
214 169 732957
758 408 935334360
138 25 89366603
33 20 17020
618 1 47963
295 264 769091
184 100 568591359
873 844 7056
677 427 58325677
241 160 365694347
683 416 82813
56 11 21086
110 96 953765261
752 442 290744
145 17 4616253
135 112 70162478
467 32 711796
510 59 549845
347 250 929337
664 224 8841
227 132 49001114
276 227 105934954
265 181 7190824
447 201 416033050
315 34 531091833
755 512 8094784
776 52 54864933
130 86 550631
735 696 5437898
811 153 3753823
870 493 62281
574 248 33403
606 144 93192582
821 227 14403282
287 275 84874603
163 149 9704255
929 877 581
245 152 93768673
685 551 416968230
623 316 758997339
182 150 9779554
586 279 74997
898 3 69522
880 156 9969721
79 55 88187828
134 28 904119
715 147 35262152
108 3 8780353
68 64 591572
330 154 373328
942 148 58050
570 251 38602397
367 118 21405
841 835 98841257
459 196 722487
196 90 7477
220 81 2121510
387 345 353675
590 130 40035
249 13 90227
410 257 121225
47 18 7663486
679 550 21724
850 797 84204032
384 316 6252191
57 8 19533
881 637 487709
822 594 39967043
830 638 836129
435 363 898585344
390 21 315741
741 480 451109736
701 13 86247
600 128 96608
547 445 18840
379 273 146272918
5 1 1918091
487 363 818742
612 519 4645028
429 177 357686
899 129 498854
903 360 791026827
637 265 303196
638 436 41554
858 348 303276689
520 95 1335848
619 355 78517912
72 3 77377202
104 78 8574020
470 191 319126
266 33 48433
460 171 4022816
322 210 201436410
485 473 382047
654 189 1324736
671 207 878565
93 80 798069418
796 319 21511626
945 604 37567
420 74 86370281
762 738 85165
286 211 770856801
887 345 91624294
719 691 15729621
872 114 566979102
125 68 4143149
304 183 4403950
382 229 52179
109 40 201236
91 35 6855927
901 13 29201
782 623 40044
171 69 9970025
587 265 5081672
256 1 180042151
230 137 22675048
225 142 520022
279 46 4590825
319 83 13257
886 111 7376
198 54 168916
955 593 4817123
258 148 160272
773 284 4598062
169 92 323675
875 673 2044800
947 163 94904342
717 192 14763
498 31 143973
693 41 87463
911 335 629810
98 33 65938095
826 286 537713963
602 236 533890
794 503 77536896
412 395 6227747
613 112 6173990
172 82 25241786
791 736 89992854
692 177 56204850
24 11 95964750
90 26 222835768
544 249 41551
312 191 713986
742 353 2800541
164 29 4048518
630 290 11175107
332 54 85822
506 35 3490252
159 52 99595
421 91 8600011
111 70 19727055
930 508 84052
234 215 313104369
784 82 673664
147 2 727005
242 198 93738221
180 70 592204386
415 413 501039932
954 167 156498
831 514 96625
893 833 899205
486 262 98455
484 65 474807190
718 474 250361
765 446 454992356
83 33 538538
712 640 12433619
751 439 866258846
563 254 37701833
151 48 13711
771 402 781809
724 329 9390777
60 2 9506875
548 115 571293
840 46 498549082
3 2 68804034
254 212 75675460
775 501 7323503
573 460 4910902
557 163 941427
716 562 54190
191 2 702612638
779 230 895301871
859 703 540971205
842 227 470976
11 6 67542977
925 266 7808941
629 304 21232
652 128 141815685
792 260 7038131
772 637 622810
534 453 436975
681 103 7991108
190 161 98979340
417 97 375646
240 102 992761
837 223 4121352
301 293 50191270
355 176 55363
302 14 35752
306 297 83141464
634 256 53595032
676 436 9310033
40 38 244180
42 28 26911
464 103 56669
658 637 7399250
335 144 3832664
689 461 658692
453 50 179538477
87 84 742735
894 788 870539
175 68 8082
551 486 58210
579 463 94057840
626 459 69490983
61 52 13840
828 739 62732436
43 17 268318
2 1 325696421
862 341 959849
855 509 1315708
9 5 9979395
879 631 4989
594 302 743428
877 508 4942227
71 52 6732232
392 304 1372073
203 116 86047084
523 116 9515058
170 134 557744980
481 364 384563426
153 23 376936
156 90 17235
694 367 65702995
19 18 487841
702 489 631415555
65 30 653682990
303 8 9446828
488 238 69208799
281 196 8683717
539 170 8989436
549 266 64585
294 3 757332
66 23 53389430
723 209 734071
215 209 96096338
591 79 742202362
436 117 29486369
857 738 74679
759 611 7086896
37 13 70742922
423 254 22414
34 33 913677205
477 46 6888333
783 328 60541
356 197 516485
252 126 758954
593 534 427346
444 297 762373003
424 180 959697
641 132 1129488
89 78 572924839
505 75 28782
272 264 969722
284 50 4518239
491 461 197557
661 659 76026399
333 45 3689
700 646 199202416
52 44 54983
126 105 75063
449 325 54153734
861 243 621443036
212 78 9722019
100 68 9328142
889 342 767292
780 752 63230845
369 294 6125716
914 261 6611390
560 226 69681715
300 44 6772587
885 229 1724003
601 236 8648352
270 139 72340
932 782 975935
670 548 69394552
85 56 56301
778 515 70920
923 405 10003
583 310 841661
454 103 949143837
155 34 824808951
391 360 367870
82 7 30234
211 107 568674283
937 483 5393804
469 279 56958811
81 65 3956665
711 325 545381838
650 406 47983
402 60 7947139
814 649 762434
62 7 330368
699 494 366175305
48 11 808881229
360 129 54111967
6 3 7085689
517 73 817027
143 20 32774676
567 305 675371320
738 345 8355443
426 17 670214
419 356 601648
734 64 812215
588 486 896163176
744 382 5445403
455 147 199739
372 190 727876
161 33 549966
938 476 142411
543 397 646965900
296 226 50985
457 180 2593
511 433 14640159
912 413 915006
189 167 318093167
339 117 721767064
440 424 3932320
69 55 7892073
395 318 5049885
927 453 5835182
669 367 5935639
774 97 23985255
32 15 22689151
533 36 628580505
651 331 163324557
882 836 68116175
833 104 29052
39 11 82933
624 366 162755147
568 163 719996
202 101 91805
684 162 17882
316 128 94495450
157 128 89716358
892 488 3890860
530 76 273265504
472 72 150659
697 228 168295495
572 380 329116914
504 204 64321
174 60 45253583
129 122 13706071
691 27 797750
756 72 45462
757 271 3682695
394 217 5775
695 68 48420
383 24 14935
680 94 30532788
434 236 82504
328 227 98700707
789 460 92222
25 8 705805983
866 640 84603
92 9 98237532
23 15 83076
396 320 68721105
905 600 27954786
10 9 6950329
255 81 8597858
820 313 42708
59 54 48927541
769 639 3278755
362 239 6218929
35 2 735278447
70 48 80174
17 13 638722
409 239 14648329
746 388 656468012
561 475 666212
798 351 563136
479 33 915684
507 155 190612
150 96 164447282
293 118 539378565
368 197 679527675
158 25 68368
418 259 58160
480 396 200314
871 82 19431
404 140 14698
247 190 174904
806 737 1884489
493 197 14816
829 461 180129129
101 66 4812705
277 222 441755
595 149 707552
917 396 75116567
381 108 337808902
314 174 3579736
838 422 6285024
839 464 47222045
136 23 971071
795 239 94558826
631 522 14105
112 72 9717125
824 195 2096486
297 245 289977
909 537 668525923
851 103 36960918
261 33 36486099
648 85 17327
926 555 44505
657 451 370671322
462 146 4578975
474 299 7213812
813 326 537290066
352 30 58459
236 173 81759395
400 250 68147698
273 224 739505991
730 179 1685984
576 292 1611896
140 110 444561
743 626 14179443
519 451 5989747
663 538 482232
809 305 3842875
137 15 131021
876 548 5071710
495 126 285371
706 601 5057944
522 252 644687
259 160 8481640
58 48 705370
710 371 847250
243 7 365339698
74 46 2011292
714 688 155483183
604 585 614737
422 336 978191215
707 50 31278273
197 48 3197650
229 120 82092991
843 778 3348542
437 367 24822498
807 225 81436700
338 46 47426692
22 12 28298713
96 63 2875718
554 79 3918054
490 252 605706
542 192 863225
564 138 777079
616 596 93229130
608 321 4105849
401 205 603223
290 161 270847
483 343 9700512
878 262 83786555
933 786 4775403
753 93 421329829
142 8 58401
653 468 3428729
673 474 9669615
473 274 25019636
177 173 358641607
371 260 580955
193 71 69596
535 251 586292
540 352 977920649
405 84 13647818
186 50 1971115
884 348 29902509
238 218 449242786
263 199 4482672
763 355 4498324
921 110 273514
800 407 612458
682 241 6178229
160 99 6894610
388 130 31881138
915 270 898965883
545 494 779139
178 105 78046620
465 283 464016
558 544 58445
731 328 6918403
910 187 4628715
31 6 8236
327 99 1066777
361 27 14937501
154 127 3018874
298 1 7190126
672 601 8095576
366 194 75446778
13 7 277429888
489 266 1394369
117 82 61641028
324 284 8183812
655 563 599041143
207 5 3050700
812 423 18669428
365 214 1192932
357 318 2798872
139 87 34458
864 612 45078468
226 119 50676482
902 305 98300
97 45 819459571
854 223 441428554
53 20 80904
194 155 356206971
8 2 85868128
244 163 3921633
785 523 36222
105 65 2092655
102 43 11961257
228 154 52544
732 451 2079533
127 67 56945
725 369 39705
610 237 11811
745 562 91359
115 69 51946874
818 212 591480
201 92 9706560
183 42 72029
288 58 45250
95 31 2951247
581 303 253963282
354 152 90565711
597 587 5183043
815 353 886821862
41 18 199857
883 176 975770527
466 307 54422
660 516 3938760
500 354 33910
221 177 20798837
935 779 734118932
268 62 811896573
308 180 951341690
767 305 4833659
635 464 291798
816 3 7599950
849 391 599439767
733 590 491622809
269 19 393204
904 43 1294532
389 364 28550565
204 174 967919097
605 175 512744
646 522 7668392
397 285 8818685
165 44 5459843
768 199 90685675
471 249 125698
895 762 96918841
278 166 37761
340 133 252341
49 5 87984925
38 24 33259569
299 33 304827
865 61 70849
113 89 824022913
790 401 89273086
786 170 28987
825 415 378230918
224 17 82611959
199 139 62137
280 191 758345
309 99 53623102
936 805 83816
764 104 603196
835 526 614300943
188 20 72769
636 379 37949
331 26 86087711
501 439 8091701
797 101 436522
944 49 5790431
827 384 40347
351 103 19749
678 325 14493456
492 403 83872247
705 382 7633641
267 176 320978696
21 19 402226509
385 106 8967630
497 410 81443
162 83 3653446
343 146 9252057
528 497 14829
496 390 52321
257 201 184520
668 335 5378351
239 8 57267101
128 17 11803036
720 67 85304
571 544 192646
200 81 992359
36 15 5975054
674 5 9412350
916 373 88888
708 361 47732756
801 772 247438
310 267 91727300
596 303 4718174
209 97 970611693
425 212 8876023
906 680 559795
625 76 86649488
187 94 516328828
644 461 30189410
529 440 25688435
808 190 487784
122 16 57406728
615 354 3851686
445 389 86353645
537 449 3320223
248 236 2074779
192 90 305020254
580 485 27412555
777 194 6614062
210 204 34078
836 19 94050658
874 335 18870
119 7 104142
246 236 9905082
508 473 255371
181 106 6636438
952 3 40215
611 481 81519768
913 418 375923
891 40 7312661
518 118 3085155
14 2 36873250
329 193 625970
179 6 892241563
620 166 865739
291 267 950489503
941 751 47863073
622 363 211758353
439 13 586984
442 2 5849
323 309 545433
208 69 36072865
350 143 803659250
18 16 542233
44 25 14228
463 255 11476
853 717 79843555
325 280 34441
781 397 179722
260 191 690
77 62 600116
482 427 47561360
687 247 5904372
461 310 66348357
888 421 9433566
431 202 25693016
527 138 378251
344 63 9912277
451 324 939766041
106 12 1698314
503 30 113632425
704 13 22252
640 4228500
340 912192654
298 910499935
214 851069482
170 996490403
5 279439229
4 68479430
3 694326871
1 591914800
1 960792119
1 283755106
1 949628273
1 891849197
1 578059628
1 312110355
1 997300828
1 577146904
1 984959927
1 379069127
1 315174074
1 415280875
1 739359459
1 786005207
1 588145781
1 888590815
1 125347575
1 989961437
1 789567925
1 366959789
1 154787389
1 5328049
1 610721508
1 444706125
1 399220031
1 134231148
1 32481450
1 142536185
1 892374212
1 211991655
1 608633329
1 258425642
1 694233559
1 316369724
1 733747681
1 909937561
1 193613759
1 527363523
1 135729636
1 610322494
1 618191367
1 114418453
1 395363747
1 770546771
1 206131318
1 783623819
1 58333445
1 339876689
1 465191191
1 359627711
1 840155190
1 107501297
1 150305841
1 733410953
1 74035101
1 644437291
1 47767631
1 726036226
1 387737059
1 161164858
1 621247033
1 445216132
1 759201778
1 516928661
1 878016247
1 723945126
1 821907699
1 504284406
1 634756564
1 992093507
1 865567822
1 674682965
1 708243544
1 232854132
1 122361772
1 733156332
1 952362059
1 223690640
1 563138807
1 588296500
1 844220856
1 732372530
1 741070424
1 992819686
1 555881703
1 493831730
1 692055095
1 715682811
1 271712352
1 709222314
1 502275390
1 543795627
1 821671150
1 206579953
1 607943253
1 87434096
1 537531289
1 955642018
1 430102181
1 214068227
1 167988137
1 745106325
1 590010264
1 730996829
1 197104809
1 24919780
1 667092183
1 785663926
1 362875489
1 782746086
1 659743818
1 81898377
1 738169050
1 32962614
1 725900315
1 732270989
1 901121629
1 114554285
1 184401074
1 713143227
1 356014962
1 877317218
1 173574329
1 797447758
1 920616164
1 630927536
1 109249304
1 773262269
1 822799803
1 801339695
1 876183289
1 441502914
1 965737280
1 42808504
1 696197060
1 580738134
1 425048828
1 111862885
1 208722723
1 661659569
1 380512440
1 9278861
1 580527870
1 896957518
1 80194685
1 331503563
1 378533247
1 529022948
1 219198612
1 184553720
1 657343246
1 987650669
1 881045382
1 34149675
1 54771285
1 554705441
1 311799324
1 139807423
1 55292988
1 901578107
1 229355359
1 341652044
1 816425965
1 657657138
1 425772696
1 48013484
1 826422993
1 76424768
1 811909456
1 860562167
1 676191888
1 530500061
1 683330384
1 38139525
1 123450643
1 123664772
1 686354593
1 928754930
1 388243076
1 649244396
1 181875084
1 985756692
1 644815691
1 251282959
1 664179866
1 934827526
1 545933330
1 39859494
1 876054164
1 677417760
1 361682370
1 67930793
1 737785987
1 542724091
1 899070339
1 177120083
1 446931376
1 100532081
1 757357246
1 566671899
1 501585316
1 654118042
1 336980253
1 348352570
1 264336936
1 637578959
1 373378185
1 545895211
1 70939462
1 476977577
1 159548714
1 358564517
1 38974789
1 541586177
1 868019049
1 731968674
1 404305583
1 175501553
1 288818672
1 258157403
1 957572685
1 804959185
1 228090792
1 342073161
1 154233640
1 247537211
1 236488633
1 303568676
1 979613322
1 823575815
1 386210701
1 802525159
1 442216954
1 801817421
1 978829004
1 388220104
1 216699714
1 407536233
1 551176544
1 291737923
1 991562347
1 19440625
1 708003185
1 516869392
1 620232127
1 864070080
1 131209577
1 75301415
1 308249541
1 338932718
1 322988016
1 872010434
1 312415047
1 342126804
1 538121199
1 448173914
1 266505551
1 395285260
1 814087313
1 505460903
1 271383844
1 22558573
1 220091196
1 691038115
1 742368337
1 659981074
1 233670044
1 374345607
1 159217821
1 61392212
1 319566232
1 304156620
1 499209746
1 331539914
1 115791193
1 173098539
1 394381050
1 92764239
1 491367241
1 503663772
1 89615324
1 769157883
1 965024272
1 736425305
1 965134723
1 591005224
1 110314648
1 175226075
1 193611510
1 932226669
1 181507081
1 366051803
1 485870976
1 506457765
1 917460429
1 312184657
1 235078312
1 231279080
1 84437900
1 584096375
1 876307513
1 525728656
1 563813168
1 640818886
1 714413626
1 850613045
1 851140322
1 467059191
1 189593846
1 455931567
1 709274378
1 761724419
1 770562292
1 913495578
1 29414993
1 78329122
1 104567551
1 852537292
1 252276641
1 506932174
1 700656159
1 517060192
1 972104227
1 822970560
1 205058460
1 143003310
1 308058943
1 838748912
1 299840769
1 596227535
1 948878494
1 362307481
1 213791254
1 611058973
1 565915690
1 949275698
1 116536547
1 991450672
1 549011980
1 677971060
1 969653171
1 895464673
1 184468652
1 82136154
1 205805838
1 870647113
1 254023859
1 677668891
1 147439548
1 111698882
1 857423628
1 813079602
1 940366024
1 145847524
1 854472925
1 690095445
1 577865594
1 732759432
1 977158545
1 105514624
1 401048923
1 128045767
1 546099409
1 976400619
1 654112307
1 376428539
1 6453893
1 343168526
1 465167885
1 536503996
1 722502359
1 245897635
1 452849457
1 806906595
1 645555759
1 280776098
1 183882792
1 57795722
1 935557431
1 102469702
1 300024763
1 751912456
1 809366231
1 758267398
1 622757619
1 887515128
1 856375353
1 376486300
1 96319256
1 691905843
1 913079493
1 96495105
1 174816693
1 792485584
1 385925157
1 227749998
1 75937426
1 484977194
1 58323521
1 591479387
1 384376248
1 106545369
1 651099971
1 331897730
1 374152560
1 125653174
1 670578067
1 906831836
1 772169795
1 925020123
1 483691483
1 359364513
1 788065530
1 611123360
1 31960323
1 48571212
1 214931614
1 979094430
1 340983861
1 532395412
1 281347704
1 224918447
1 369840857
1 728636787
1 988511249
1 583846890
1 195255961
1 380610082
1 675553074
1 429959594
1 358459230
1 29382937
1 403722724
1 875081863
1 622656336
1 273004050
1 173399152
1 11240539
1 266748120
1 427532550
1 977069919
1 870665534
1 137878176
1 753231918
1 842052474
1 682656649
1 965992849
1 416204290
1 122791370
1 791419861
1 676992723
1 609419069
1 661416344
1 256509691
1 304682447
1 253189846
1 626546798
1 95054357
1 147100719
1 623738375
1 546598931
1 818892411
1 97049564
1 438972488
1 563601553
1 179721159
1 303124222
1 307799891
1 77595185
1 933547472
1 902424062
1 685252898
1 119157116
1 91943601
1 276832134
1 378945003
1 482434364
1 929046722
1 632789631
1 324893226
1 544655480
1 573668509
1 254024209
1 335677079
1 30180474
1 141523225
1 792373158
1 590182442
1 314828491
1 692463441
1 991968486
1 284365341
1 135665461
1 625181853
1 883199931
1 63159784
1 324585919
1 476706455
1 291571277
1 326364998
1 404645043
1 387208982
1 840077573
1 356123182
1 613867163
1 975139893
1 33796238
1 699598554
1 565150270
1 153725517
1 605938638
1 180216259
1 978069670
1 864655861
1 802039793
1 221118369
1 814098205
1 319982600
1 650752605
1 564366191
1 411952426
1 662314910
1 132639422
1 620316772
1 886798487
1 236668432
1 490978554
1 238129145
1 159211886
1 7128312
1 805973821
1 796809705
1 34631158
1 797949486
1 163750382
1 600559147
1 657291450
1 211055051
1 947690422
1 178963194
1 31750785
1 719954984
1 510570367
1 765618892
1 953802326
1 852029919
1 538413681
1 258377821
1 475307392
1 868205000
1 735422454
1 435241636
1 624681866
1 634700028
1 614850998
1 273217756
1 397610555
1 383048404
1 623538075
1 856466556
1 21132702
1 576109290
1 203585486
1 323301181
1 259794938
1 412346646
1 987886263
1 874698010
1 879719386
1 159605105
1 317167871
1 740095562
1 45308421
1 627991637
1 769403792
1 995991367
1 927114630
1 338856538
1 851601299
1 552217802
1 900326821
1 722696281
1 911469680
1 992298443
1 571998698
1 899959147
1 676905424
1 790367621
1 579911200
1 119647466
1 103871901
1 238847855
1 681099343
1 903847533
1 85834240
1 298718531
1 359751359
1 367464399
1 433573217
1 364288761
1 783160315
1 841126697
1 976787049
1 521928396
1 104352459
1 88794834
1 97507842
1 699865907
1 883101239
1 312808805
1 546741589
1 490702568
1 265719178
1 111647674
1 497013706
1 405615331
1 166892108
1 183347435
1 345972491
1 104438367
1 864020038
1 623174736
1 295766784
1 908704467
1 981600641
1 330992514
1 523723731
1 628991481
1 612376133
1 792737370
1 418272236
1 471034826
1 770306333
1 741168881
1 252165621
1 888651390
1 779877073
1 729846177
1 483062486
1 184087183
1 981194858
1 711794946
1 57501625
1 489737910
1 343945521
1 910498285
1 535303174
1 290974188
1 120157871
1 640859004
1 377561447
1 974009194
1 949331629
1 751874311
1 898050500
1 208108200
1 703413555
1 448086567
1 133491527
1 202873696
1 942829196
1 653926581
1 406382168
1 942479243
1 109611328
1 370644683
1 250152865
1 195339106
1 839201304
1 35684033
1 677601290
1 718029661
1 620899357
1 744875824
1 338853053
1 788825142
1 852902552
1 510610673
1 733300514
1 5170406
1 412565266
1 928859934
1 416151267
1 723587238
1 105651028
1 161853711
1 655992809
1 417731310
1 769028967
1 32024157
1 596090460
1 632850808
1 215852436
1 423850209
1 309547685
1 842221629
1 846762085
1 321907381
1 514497390
1 703321974
1 862472865
1 148176433
1 660646816
1 725860252
1 787695442
1 46869998
1 484463202
1 421278055
1 26618305
1 126631622
1 378559264
1 296542673
1 593180023
1 525005777
1 10596737
1 599170067
1 382025789
1 935638120
1 305296239
1 147053989
1 779589660
1 105759780
1 313743634
1 40969282
1 418994526
1 23361759
1 207098067
1 935606753
1 954145418
1 308257457
1 405510492
1 576010428
1 982069866
1 811130867
1 266139542
1 920055115
1 952461319
1 888692030
1 866237097
1 125075017
1 400461994
1 24906092
1 283214847
1 984741549
1 956563933
1 733103509
1 809403712
1 773107633
1 322665831
1 168816402
1 689043541
1 629674701
1 769974098
1 683734908
1 874579817
1 312857532
1 994072552
1 245315245
1 810682594
1 809684597
1 461352368
1 49187517
1 521018732
1 363112242
1 833235828
1 72038405
1 321979885
1 118241900
1 296874046
1 353045791
1 479335824
1 831595227
1 116998485
1 510263523
1 465259454
1 81576826
1 901349955
1 919057002
1 905747487
1 840370048
1 448148178
1 910131981
1 996655773
1 14101607
1 613179657
1 857193062
1 72558433
1 789544935
1 587736883
1 430702156
1 830377170
1 493614075
1 470584279
1 296332507
1 45901212
1 321550042
1 334770624
1 530688617
1 990527654
1 782263038
1 639324661
1 774958993
1 603250457
1 562914079
1 690109889
1 405716266
1 83495007
1 616010296
1 637124267
1 190635600
1 228299296
1 532961152
1 24057470
1 851176537
1 744653382
1 613254769
1 91461953
1 564326624
1 803258618
1 380777667
1 635723583
1 839895997
1 545380004
1 963968625
1 941862655
1 43808009
1 79032301
1 476056498
1 713474380
1 156011806
1 668910015
1 813929728
1 685039405
1 226000531
1 846446914
1 150735636
1 6844909
1 822606403
1 192616928
1 245521638
1 953066772
1 757555527
1 96239938
1 485546417
1 327676522
1 432793334
1 856833360
1 715902188
1 651418618
1 95582443
1 289280564
1 477996113
1 874185228
1 475519742
1 542526038
1 405401560
1 593337128
1 387848008
1 641156191
1 3975612
1 425543705
1 970366499
1 739586361
1 286004852
1 405743079
1 975903271
1 351566349
1 822151354
1 831218139
1 11205677
1 723975235
1 373943174
1 690118013
1 957430095
1 764348293
1 120697875
1 882425496
1 214196452
1 525413307
1 105522136
1 599264564
1 354327175
1 740432143
1 991716495
1 444587930
1 680254992
1 778388457
1 575246385
1 177013843
1 442175897
1 177179890
1 95787766
1 855922215
1 405101946
1 150081813
1 930939224
1 76153377
1 651688012
1 381802872
1 175263248
1 665354121
1 15764200
1 450653575
1 914694167
1 34783208
1 906299496
1 643883752
1 564265126
1 58683655
1 159243299
1 270120327
1 372182837
1 231336175
1 67185588
1 464032139
1 114765182
1 153757673
1 270358772
1 338881373
1 979210106
1 832811646
1 769501178
1 396229031
1 335392098
1 834150263
1 66186017
1 338902353
1 678428590
1 387915741
1 618833153
1 34698117
1 8695576
1 384954105
1 405493364
1 122492331
1 994031257
1 740014676
1 742726801
1 706969453
1 821068650
1 943971255
1 150778035
1 799335092
1 71666435
1 328852779
1 558706291
1 559741864
1 325015327
1 304898297
1 172636584
1 864731314
1 307388852
1 410985898
1 609933421
1 660349052
1 465734398
1 769388039
1 884291354
1 255459822
1 512926069
1 730737945
1 916846664
1 274116658
1 522895313
1 259221033
1 843755217
1 361877681
1 972479756
1 841131712