293294773
782585818
196753672
949485377
478742677
170213418
904743980
852529374
208611698
930150489
60860911
144701132
397156030
509777709
813854461
507385888
226334574
92227550
230927798
685547417
631239487
115920181
531507041
238411823
973212102
327576986
910534087
254766537
15604756
221938022
21238845
937103678
579682760
516732135
13096055
541726178
116453546
336038386
892897529
69034702
962944081
906058265
567610516
471168471
955177902
39930852
444621686
364992648
341666434
868139298
574713027
0
930660702
553686243
942039072
192621641
118933235
322202903
39760890
932292697
446904813
124305781
644630800
899019054
257819017
380027536
674168286
676170002
709091843
627784910
982792525
497273106
415569834
551755726
628712671
445296444
313110026
131037599
600531145
537940684
335061420
292600953
624422283
584638650
327855754
138585779
294668213
876700603
173133823
622423895
611658331
443663010
848025046
676138061
600869765
26418958
537978246
241747349
858544787
560221351
663472881
36825270
210580177
279535825
732179014
871733541
69931528
770799349
939210695
593285880
813628878
622173716
361512341
319036623
774261562
731391101
666153474
785449450
575824648
378953859
491625836
727043557
897600408
697888389
993105666
212584131
500644420
674731200
632859608
495588527
741159799
66400772
445090573
992293937
747245412
24390677
679464018
398689299
793364134
117073883
760685708
193234326
652009586
23109867
487911965
541099028
850907850
283780969
307701037
467867533
153835600
18371807
965561387
934840987
957787708
683286734
922573458
980649088
593678033
384259435
247328384
464967247
525306927
701005220
559614416
588788903
764607957
141544959
762410862
320726376
36585594
799660028
681357767
441516782
530961098
526353349
305665818
651312070
134865972
45956589
540664343
713598052
109620899
381994330
95126957
259572704
375573936
886739732
205947715
875593269
561767789
165615067
164526241
21711150
323815734
804716848
446906266
219851211
267822016
973459865
23770142
514074937
864174220
425493219
87747455
331694060
590861467
941703910
138695205
646978300
589470627
601321892
269573697
881797414
739229864
40341203
693564268
187419325
827512985
104091523
970655347
464362677
927885038
244867492
879906501
139265681
517567524
340883891
954696500
183762643
237244909
675271140
619714644
701652029
568199535
715761787
968913720
713865490
217708447
637266905
48505272
824362637
858990813
380030008
249174349
422764125
489370780
255476773
168647239
393061195
575220888
193571873
565468754
609378517
719806095
705541911
78866624
442381938
779298492
802297069
987170879
954074500
409992198
981550289
847223277
739464399
289751186
417499020
376185037
462206168
152245612
633924186
567218458
386081271
223698506
552149749
532756485
692370358
468419188
612900410
66039427
799952703
69493133
939538000
76497169
598063841
135477213
415063062
429106165
877440134
385033095
14478397
490650900
356398234
734893154
190708847
415874912
206158871
879473956
249397953
193437345
172200585
586157251
8347755
248366153
966446789
477352420
562968210
859630867
484821998
10048022
15576501
804047670
821631890
958821214
494332383
480070667
266067491
323553044
962560045
496096540
0
644328181
541621870
36518311
81776025
738287876
838753039
291002326
385923401
588007916
365653792
958906787
526484144
490509960
128025855
911444868
473338765
686501075
892767361
887972344
992054908
978493147
978841811
998032213
122877002
950188381
79214788
956895064
612840170
688707685
909434436
248910298
114807324
494165490
520427376
413114186
947148250
409558984
621934776
429511079
522256186
534377051
938058749
577685295
773985473
416892688
784434953
605928236
956655279
349534381
516458748
196760478
952021630
902045193
24781193
985029695
789198968
14707157
8798138
455342885
514361730
655833989
601641381
118571458
629097139
148580560
205478883
187099945
991958116
906291944
697287359
922193106
150628046
962966962
937610306
438925748
118172542
717571664
681945822
725334320
125462859
970136016
458702151
595138999
67447254
729028589
677041860
10708684
516503962
462530298
299776925
520869095
789021552
39034831
743477667
901010562
384941959
477238017
347466933
692132312
700862345
505956130
655110838
223839744
946614313
802648699
874733041
706344959
628518374
352240265
769276103
487389886
230965096
876714240
839452769
828398365
862347636
929302147
253994450
567543739
582141492
62709726
514851732
521602638
105287344
805647721
944012203
226499714
820617488
230553146
527868428
772286265
582815677
851093462
961647621
777739909
343426139
125453951
58420489
224230244
965375048
831317390
934742347
735850977
261566648
579217361
71773136
109515281
710188361
180367259
147750216
138681027
64904978
557168058
563278783
260357817
196566340
817190441
350012787
469642816
267093421
2965581
774124758
919369394
334646766
346134738
381302111
114374194
645498602
353398875
477575625
969476698
540834982
113666231
887169481
548820894
298759684
764255299
468529862
700905388
126174489
305648313
724365248
307845125
916857677
906110176
469259096
987509084
435328979
60235918
838742547
727437045
54299577
517465088
163904801
741565521
209847680
582306303
13201941
326911934
514561219
846664165
378027275
602020052
534914034
704273135
748928286
243904427
386185392
879757310
659986286
805286392
720187759
991074469
938125880
650248899
456267318
556381110
794218091
71093367
541309750
613728449
16120462
133009110
597840935
916170855
991830304
174168234
604754597
587720149
293177976
99141351
791729974
308277882
475105934
430403039
905434867
615972636
523923239
121537264
223270043
447117381
854974709
233737630
412870071
43544121
102082722
161014599
127870769
175840806
500133611
548162416
338176556
890143970
811374012
214510452
816009088
498185341
183886150
997063834
878565481
766022945
868054556
340240493
786057208
524765212
839285223
469076011
332627378
119394273
777799056
701467942
76998737
654176207
198914533
331387103
802040161
660401160
838398862
516505018
104041806
973722889
854321553
248975262
78324286
799453528
570070232
196705399
471815000
144211331
388735086
96710770
707225747
83040821
163922091
227430440
940431038
863295093
434962590
547670256
772490020
440859069
86335606
5917007
262650517
27796510
848193888
792468720
936541085
798601744
65346059
76127077
411443217
78001193
896465645
665487987
643748848
561903315
668882293
152595397
259759951
575536884
123600010
613549092
194849868
808875042
262642841
293667800
871212657
135333661
544776387
808872752
381609753
929617475
809727541
50221357
370300147
474253128
504176746
533631024
94488546
591402200
0
942970877
13263422
659747308
548079428
755466462
723050177
201945304
84187968
624599354
535473916
206310971
143251530
232448546
597619956
808711541
83481294
0
903284238
0
550144867
304805220
274835453
113646908
518126389
578343066
221743538
971602570
248984180
911340825
126788385
932173570
220233847
513381754
899170634
92387380
34308702
790390632
344892827
942063135
515045639
990771926
71909292
752973581
977442124
69965373
370396841
389240353
969523630
17394828
191292321
832718563
497548698
825065236
318900176
464092523
175597339
839146327
738019141
490366958
764047703
661717660
312509274
776267421
7875857
865273993
786068819
845221418
236505827
907052679
688737188
505846019
721073152
418827466
56848730
581592656
320871163
85106405
887490228
904736215
608909470
365185331
120186458
256220983
249316121
748173978
786342356
723070498
323449226
333674825
207035902
274271785
125628432
297560375
460663822
479044628
214811336
557406459
578861516
546960797
647039197
868272427
860233599
939113181
498900299
394441468
138183278
386234139
31047341
951660230
403669573
779787458
556644958
27814303
95874964
297564992
202002180
159618705
866253065
940200362
840653956
915935892
496136360
73676952
783710717
704893024
921395788
447074703
794194675
520152610
253452926
416839654
349382532
141868070
97103934
465500773
937789500
76405409
898969047
221925670
158451091
257869171
692478890
757040677
215740753
759221045
12938428
136226661
62824222
830335119
694542184
791005105
43097793
859275110
895630173
887927401
223919890
205285410
635369856
404141113
924436627
677304373
490801309
657666182
123874164
369726053
573772772
745120927
81829986
554420298
112651053
806270024
829907121
773279067
557656797
149345848
939100307
150215278
384843419
602538364
473354830
319076681
176581588
595113377
429333774
457260965
562800614
624746437
297302589
449860618
583199947
532058864
985130421
912883745
482532541
473398342
694663653
184543949
393081426
959576358
585908659
285427258
709223642
833221255
178965517
607638190
918999931
830579413
211382810
356943250
745943125
141126620
64974737
736865089
424794263
805043142
293587398
703809152
73860
523453014
852901047
831433216
427443844
605230887
855178397
988538507
512280921
257377122
391155793
462418717
830710517
924812974
937789991
841135616
216163172
121583387
561054369
138527140
177397108
979365361
252694743
875936052
188333087
757956984
753347500
389452285
907138648
749547824
61202765
822388586
523304857
93177253
702036778
638764420
487886271
850064924
453296585
268540998
529991625
570075231
961730690
358437360
267793661
488958510
540191266
305677024
962089045
434309943
785838044
904111184
694092947
336915594
906219650
499298976
342265016
572195717
346813562
25436179
322218010
456224308
749286948
58757030
904200574
985173148
683747914
997014180
406032676
170695738
158561499
301681898
277489273
474745721
798856497
134254421
218496856
885989203
97738110
383579633
204362110
382603395
55229176
447529797
906047853
777236173
124938297
725516847
771654462
767335236
685444770
911143017
554703585
294478911
378223923
450261204
986837656
819326232
300979820
669032529
267830757
139757090
751159765
878255684
381236969
928435693
474830934
723819837
642694450
746580486
921962901
785504029
945275812
791091569
781655336
593269744
217360505
510568955
636581538
103399292
150142658
314654063
779786020
888291839
930426743
481916554
675315847
914156802
286894054
497324700
694743208
726366942
83389522
180638182
468032759
983550363
901909149
837685815
437895710
879215286
490725644
878363804
601273352
113734243
136279693
692205346
474352195
61159483
987737154
623964356
330667765
613057162
926474641
435037626
670426092
541158516
678318131
658492258
861482647
591094548
361544836
271428117
969381306
413795185
855361518
90042892
258360911
357290754
329952903
135330662
648703069
842568688
642189989
704875315
130510499
142414932
123357285
73232757
660156428
601563883
800824169
490317152
265063887
148212858
179990754
93546141
372002249
553217741
111627547
950771375
411437627
54364049
681434918
991945689
673393686
70899592
731869752
610371281
124467986
476053784
637210602
199419683
773018082
423899553
498131196
483830550
535419579
248068646
805418916
469620055
275852004
292764480
840732685
423352413
656977769
641446410
955322715
909262651
993697129
895165381
991237945
780350063
834471695
99481644
320318475
771154080
163185723
521398742
378594368
173701070
531565681
836578405
336005081
96385632
802486429
27923192
561746988
501927887
191883606
818917496
696740477
564110297
259958867
622081477
635037048
618319608
62913765
658660803
622547689
708296877
945335366
57072843
544431747
568906037
209517096
84897021
354955642
78711448
653194706
681311455
194347757
286448118
200441972
58568664
821839134
127882175
740193537
477460923
195938677
448070033
143764677
0
672648848
0
677132683
970970597